 0.223813  0.224463  0.197788  0.353936 
 0.236825  0.224463  0.212752  0.325960 
 0.204294  0.251789  0.188679  0.355237 
 0.234223  0.236825  0.194535  0.334418 
 0.240729  0.227066  0.182824  0.349382 
 0.230319  0.225114  0.202993  0.341574 
 0.235524  0.218608  0.200390  0.345478 
 0.234873  0.236825  0.169811  0.358491 
 0.240078  0.216005  0.167859  0.376057 
 0.238126  0.230969  0.180872  0.350033 
 0.225114  0.236174  0.171763  0.366949 
 0.237476  0.211451  0.173715  0.377358 
 0.235524  0.188679  0.205595  0.370202 
 0.217306  0.243331  0.177619  0.361744 
 0.214053  0.199740  0.178269  0.407938 
 0.265452  0.193234  0.207547  0.333767 
 0.207547  0.188029  0.180221  0.424203 
 0.240078  0.293429  0.186727  0.279766 
 0.327912  0.000000  0.000000  0.672088 
 0.196487  0.266103  0.247235  0.290176 
 0.439818  0.000000  0.000000  0.560182 
 0.195185  0.209499  0.278465  0.316851 
 0.199089  0.223162  0.251789  0.325960 
 0.197137  0.223813  0.194535  0.384515 
 0.279766  0.178920  0.167209  0.374105 
 0.206897  0.226415  0.212752  0.353936 
 0.175667  0.287573  0.151594  0.385166 
 0.270007  0.195185  0.201041  0.333767 
 0.229668  0.202342  0.191282  0.376708 
 0.194535  0.245934  0.197137  0.362394 
 0.231620  0.209499  0.194535  0.364346 
 0.245283  0.210150  0.201041  0.343526 
 0.262850  0.237476  0.184776  0.314899 
 0.238126  0.209499  0.202993  0.349382 
 0.240078  0.227716  0.204945  0.327261 
 0.243331  0.221210  0.192583  0.342876 
 0.264802  0.198439  0.206897  0.329863 
 0.245934  0.232921  0.210800  0.310345 
 0.251789  0.230969  0.189980  0.327261 
 0.268705  0.210800  0.209499  0.310995 
 0.226415  0.227716  0.212752  0.333116